Normal=[1,1,1,1,1,.5,1,0,.5,1,1,1,1,1,1,1,1,1,1]
Fighting=[2,1,.5,.5,1,2,.5,0,2,1,1,1,1,.5,2,1,2,.5,1]
Flying=[1,2,1,1,1,.5,2,1,.5,1,1,2,.5,1,1,1,1,1,1]
Poison=[1,1,1,.5,.5,.5,1,.5,0,1,1,2,1,1,1,1,1,2,1]
Ground=[1,1,0,2,1,2,.5,1,2,2,1,.5,2,1,1,1,1,1,1]
Rock=[1,.5,2,1,.5,1,2,1,.5,2,1,1,1,1,2,1,1,1,1]
Bug=[1,.5,.5,.5,1,1,1,.5,.5,.5,1,2,1,2,1,1,2,.5,1]
Ghost=[0,1,1,1,1,1,1,2,1,1,1,1,1,2,1,1,.5,1,1]
Steel=[1,1,1,1,1,2,1,1,.5,.5,.5,1,.5,1,2,1,1,2,1]
Fire=[1,1,1,1,1,.5,2,1,2,.5,.5,2,1,1,2,.5,1,1,1]
Water=[1,1,1,1,2,2,1,1,1,2,.5,.5,1,1,1,.5,1,1,1]
Grass=[1,1,.5,.5,2,2,.5,1,.5,.5,2,.5,1,1,1,.5,1,1,1]
Electric=[1,1,2,1,0,1,1,1,1,1,2,.5,.5,1,1,.5,1,1,1]
Psychic=[1,2,1,2,1,1,1,1,.5,1,1,1,1,.5,1,1,0,1,1]
Ice=[1,1,2,1,2,1,1,1,.5,.5,.5,2,1,1,.5,2,1,1,1]
Dragon=[1,1,1,1,1,1,1,1,.5,1,1,1,1,1,1,2,1,0,1]
Dark=[1,.5,1,1,1,1,1,2,1,1,1,1,1,2,1,1,.5,.5,1]
Fairy=[1,2,1,.5,1,1,1,1,.5,.5,1,1,1,1,1,2,2,1,1]
Null=[1,1,1,1,1,1,1,1,1,1,1,1,1,1,1,1,1,1,1]
FreezeDry=[1,1,2,1,2,1,1,1,.5,.5,2,2,1,1,.5,2,1,1,1]
FreezeDryNormalize=[1,1,1,1,1,.5,1,0,.5,1,2,1,1,1,1,1,1,1,1]
DeltaStreamElectric=[1,1,1,1,0,1,1,1,1,1,2,.5,.5,1,1,.5,1,1,1]
DeltaStreamIce=[1,1,1,1,2,1,1,1,.5,.5,.5,2,1,1,.5,2,1,1,1]
DeltaStreamRock=[1,.5,1,1,.5,1,2,1,.5,2,1,1,1,1,2,1,1,1,1]
FlyingPress=[2,2,.5,.5,1,1,1,0,1,1,1,2,.5,.5,2,1,2,.5,1]
FlyingPressElectrify=[1,2,2,1,0,.5,2,1,.5,1,2,1,.25,1,1,.5,1,1,1]
FlyingPressNormalize=[1,2,1,1,1,.25,2,0,.25,1,1,2,.5,1,1,1,1,1,1]
ThousandArrows=[1,1,1,2,1,2,.5,1,2,2,1,.5,2,1,1,1,1,1,1]
typedic={
    "normal":0,
    "fighting":1,
    "flying":2,
    "poison":3,
    "ground":4,
    "rock":5,
    "bug":6,
    "ghost":7,
    "steel":8,
    "fire":9,
    "water":10,
    "grass":11,
    "electric":12,
    "psychic":13,
    "ice":14,
    "dragon":15,
    "dark":16,
    "fairy":17,
    "null":18,
}
type1="dragon"
type2="flying"
type3="grass"
mon=[type1,type2,type3]
movelist=[Ground,Grass,Ice,ThousandArrows]
def coverage(movedef):
    return movedef[typedic[type1]]*movedef[typedic[type2]]*movedef[typedic[type3]]
for item in movelist:
    print(coverage(item))